108.8
108.2
112.0
108.8
110.9
108.8
110.4
108.8
117.7
109.3
110.5
108.3
110.7
108.8
110.8
108.8
110.4
0.0
0.0
0.0
0.0
0.0
0.0
0.0
0.0
0.0
0.0
0.0
0.0
0.0
0.0
0.0
0.0
0.0
0.0
0.0
0.0
0.0
0.0
0.0
0.0
0.0
0.0
0.0
0.0
0.0
0.0
0.0
0.0
0.0
0.0
0.0
0.0
0.0
0.0
0.0
0.0
0.0
0.0
0.0
0.0
0.0
0.0
0.0
0.0
0.0
0.0
0.0
0.0
0.0
0.0
0.0
0.0
0.0
0.0
0.0
0.0
0.0
0.0
0.0
0.0
0.0
0.0
0.0
0.0
0.0
0.0
-72.0
0.0
0.0
0.0
0.0
0.0
0.0
0.0
0.0
0.0
0.0
0.0
0.0
0.0
0.0
0.0
0.0
0.0
0.0
0.0
0.0
0.0
0.0
0.0
0.0
0.0
0.0
0.0
0.0
0.0
0.0
0.0
-90.0
0.0
0.0
0.0
0.0
0.0
0.0
0.0
0.0
0.0
0.0
0.0
0.0
0.0
0.0
0.0
-72.0
0.0
-107.9
0.0
0.0
0.0
0.0
0.0
0.0
0.0
0.0
0.0
0.0
0.0
0.0
0.0
0.0
0.0
0.0
0.0
0.0
0.0
0.0
0.0
0.0
0.0
0.0
0.0
0.0
0.0
0.0
0.0
0.0
0.0
0.0
0.0
0.0
0.0
0.0
0.0
0.0
0.0
0.0
0.0
0.0
0.0
0.0
0.0
0.0
0.0
0.0
0.0
0.0
0.0
0.0
0.0
0.0
0.0
0.0
0.0
0.0
0.0
0.0
0.0
0.0
0.0
0.0
0.0
0.0
0.0
0.0
0.0
0.0
0.0
0.0
0.0
0.0
0.0
0.0
0.0
0.0
0.0
0.0
0.0
0.0
0.0
0.0
0.0
0.0
0.0
0.0
0.0
0.0
0.0
0.0
0.0
0.0
0.0
0.0
0.0
0.0
0.0
0.0
0.0
0.0
0.0
0.0
0.0
0.0
0.0
0.0
0.0
0.0
0.0
0.0
0.0
0.0
0.0
0.0
0.0
0.0
0.0
0.0
0.0
0.0
0.0
0.0
0.0
0.0
0.0
0.0
0.0
0.0
0.0
0.0
0.0
0.0
0.0
0.0
0.0
0.0
0.0
0.0
0.0
0.0
0.0
0.0
0.0
0.0
0.0
0.0
0.0
0.0
0.0
0.0
0.0
0.0
0.0
0.0
0.0
0.0
0.0
0.0
0.0
0.0
0.0
0.0
0.0
0.0
0.0
0.0
0.0
0.0
0.0
0.0
0.0
0.0
0.0
0.0
0.0
0.0
0.0
0.0
0.0
0.0
0.0
0.0
0.0
0.0
0.0
0.0
0.0
0.0
0.0
0.0
0.0
0.0
0.0
0.0
0.0
0.0
0.0
0.0
0.0
0.0
0.0
0.0
0.0
0.0
0.0
0.0
0.0
0.0
0.0
0.0
0.0
0.0
0.0
-90.0
-107.9
0.0
0.0
0.0
-107.9
0.0
-107.9
0.0
-107.9
-107.9
0.0
-107.9
0.0
0.0
-107.9
-107.9
-107.9
-102.2
-107.9
-107.9
0.0
0.0
0.0
0.0
-107.9
-107.9
-107.9
-107.9
-107.9
-107.9
-107.9
-54.0
-107.9
0.0
-107.9
-107.9
0.0
0.0
0.0
-128.9
-149.5
-143.9
0.0
0.0
0.0
0.0
-36.0
-36.0
0.0
0.0
-72.0
0.0
-107.9
-107.9
-107.9
-143.9
-143.9
180.0
0.0
143.9
143.9
0.0
0.0
0.0
0.0
0.0
0.0
0.0
72.0
0.0
0.0
0.0
180.0
0.0
0.0
0.0
0.0
-72.0
0.0
0.0
0.0
0.0
0.0
0.0
0.0
0.0
0.0
0.0
0.0
0.0
0.0
0.0
0.0
0.0
0.0
72.0
0.0
0.0
0.0
0.0
0.0
0.0
0.0
0.0
0.0
0.0
0.0
0.0
0.0
0.0
0.0
0.0
0.0
0.0
0.0
0.0
0.0
0.0
0.0
0.0
0.0
0.0
0.0
0.0
0.0
0.0
0.0
0.0
0.0
0.0
0.0
0.0
0.0
0.0
0.0
0.0
0.0
0.0
0.0
0.0
0.0
0.0
0.0
0.0
0.0
0.0
0.0
0.0
0.0
0.0
0.0
0.0
0.0
0.0
72.0
0.0
0.0
0.0
0.0
0.0
0.0
0.0
0.0
0.0
0.0
0.0
0.0
0.0
0.0
0.0
0.0
0.0
0.0
0.0
0.0
0.0
0.0
0.0
0.0
0.0
0.0
0.0
0.0
0.0
0.0
0.0
0.0
0.0
0.0
0.0
0.0
0.0
0.0
0.0
0.0
0.0
0.0
0.0
0.0
0.0
0.0
0.0
0.0
0.0
0.0
0.0
0.0
0.0
0.0
0.0
0.0
0.0
0.0
0.0
0.0
0.0
0.0
0.0
0.0
0.0
0.0
0.0
0.0
0.0
0.0
0.0
0.0
0.0
0.0
0.0
0.0
0.0
0.0
0.0
0.0
0.0
0.0
0.0
0.0
0.0
0.0
0.0
0.0
0.0
0.0
0.0
0.0
0.0
0.0
0.0
0.0
0.0
0.0
0.0
0.0
0.0
0.0
0.0
0.0
0.0
0.0
72.0
0.0
0.0
0.0
-108.0
0.0
0.0
72.0
-36.0
0.0
0.0
0.0
0.0
0.0
0.0
0.0
-36.0
0.0
0.0
0.0
0.0
0.0
0.0
180.0
0.0
0.0
0.0
-107.9
0.0
72.0
0.0
0.0
72.0
0.0
72.0
0.0
0.0
0.0
0.0
180.0
0.0
0.0
0.0
0.0
0.0
0.0
0.0
180.0
0.0
0.0
72.0
-107.9
0.0
72.0
0.0
0.0
0.0
0.0
0.0
72.0
36.0
0.0
0.0
72.0
72.0
0.0
0.0
0.0
0.0
0.0
0.0
0.0
0.0
72.0
0.0
0.0
0.0
-36.0
0.0
0.0
0.0
143.9
-36.0
0.0
0.0
36.0
72.0
0.0
-136.4
0.0
0.0
0.0
72.0
0.0
0.0
0.0
0.0
0.0
125.9
72.0
36.0
0.0
0.0
0.0
180.0
0.0
72.0
0.0
0.0
107.9
0.0
0.0
107.9
-125.9
-36.0
143.9
-107.9
72.0
0.0
72.0
0.0
0.0
-107.9
72.0
72.0
-125.9
-72.0
0.0
180.0
36.0
0.0
107.9
54.0
0.0
36.0
54.0
36.0
108.0
0.0
-36.0
-54.0
0.0
0.0
0.0
180.0
-107.9
-107.9
143.9
0.0
0.0
-36.0
125.9
72.0
72.0
0.0
72.0
0.0
143.9
0.0
180.0
0.0
0.0
72.0
72.0
0.0
18.0
-108.0
72.0
0.0
-107.9
180.0
-36.0
0.0
72.0
0.0
-107.9
0.0
36.0
0.0
0.0
0.0
0.0
72.0
161.9
72.0
180.0
0.0
0.0
0.0
90.0
0.0
-143.9
0.0
0.0
0.0
0.0
36.0
-107.9
0.0
90.0
72.0
72.0
0.0
90.0
0.0
-36.0
42.6
36.0
107.9
0.0
0.0
-36.0
-143.9
-107.9
180.0
0.0
72.0
54.0
0.0
0.0
0.0
0.0
0.0
0.0
0.0
0.0
0.0
90.0
0.0
36.0
180.0
72.0
-161.9
0.0
0.0
0.0
36.0
88.0
72.0
-72.0
0.0
11.8
96.1
0.0
-108.0
180.0
180.0
143.9
143.9
0.0
117.7
0.0
72.0
0.0
0.0
72.0
125.9
180.0
0.0
143.9
0.0
36.0
0.0
72.0
-72.0
0.0
0.0
18.0
0.0
180.0
0.0
72.0
-54.0
0.0
0.0
72.0
0.0
0.0
22.3
-72.0
0.0
0.0
0.0
0.0
0.0
0.0
72.0
180.0
0.0
143.9
0.0
72.0
0.0
72.0
0.0
0.0
0.0
0.0
0.0
-107.9
36.0
0.0
0.0
-107.9
0.0
0.0
180.0
-54.0
0.0
0.0
72.0
0.0
0.0
0.0
0.0
-107.9
-108.0
0.0
0.0
0.0
-107.9
-107.9
0.0
0.0
0.0
0.0
-107.9
0.0
-107.9
-107.9
0.0
-36.0
0.0
0.0
-107.9
0.0
-107.9
-107.9
0.0
0.0
36.0
180.0
0.0
-161.9
72.0
72.0
0.0
-107.9
0.0
0.0
45.7
0.0
0.0
143.9
72.0
0.0
0.0
0.0
-36.0
0.0
0.0
72.0
143.9
107.9
0.0
0.0
0.0
0.0
0.0
0.0
0.0
72.0
-72.0
36.0
0.0
0.0
-107.9
-72.0
72.0
0.0
0.0
0.0
-107.9
0.0
72.0
0.0
0.0
72.0
180.0
0.0
0.0
72.0
0.0
0.0
72.0
-143.9
0.0
72.0
-107.9
0.0
0.0
0.0
72.0
0.0
143.9
72.0
